-21.6802 21.4805 55.4383
-21.2761 21.1248 54.4294
8.5417 -16.5617 136.3782
-5.4424 27.5140 42.0921
8.2353 -25.4018 96.2670
-47.5000 37.5844 148.7763
0.6731 -18.7793 125.8876
-45.5303 -37.8818 123.9802
-12.7188 -9.6759 172.1948
-88.6279 -34.2118 172.1947
0.6349 -19.3560 129.8840
-48.4259 38.2668 151.5313
-43.5879 12.5164 118.3838
18.1173 -20.1073 92.8502
-13.0007 -9.6279 175.3834
6.6245 -27.7084 131.5378
0.6911 29.8212 49.8248
-46.5741 -35.1680 121.2251
-51.9841 -6.5039 129.8840
-1.6212 29.7255 49.5921
19.1467 -22.7052 92.8500
-47.8846 -36.2375 125.8876
-52.4000 -6.4775 130.9231
-78.4259 -19.1743 151.5314
-50.6731 -6.5114 125.8876
18.7444 -22.2840 90.9188
5.8411 -16.0259 157.8455
21.3152 -20.9937 101.4950
18.3908 -19.8825 94.0540
-48.4259 38.2122 151.5313
8.4167 -16.5208 136.3782
7.0322 -26.2218 119.6301
19.5047 -23.2330 94.7073
-21.8355 21.6219 55.7101
19.7184 -20.5972 98.6532
12.0188 -27.1649 101.1827
-0.4259 28.8447 47.6585
20.2041 -20.9937 101.4950
-21.3333 21.1417 54.5513
2.8646 32.3566 68.1891
-56.7083 14.7624 136.3782
16.5047 -18.7143 94.7073
6.8395 -25.9064 126.2759
-2.3053 29.2303 48.5677
18.8389 -21.0184 93.9553
12.5958 -26.0326 101.1829
8.2004 -24.4485 99.6497
7.5397 -28.4693 129.8840
19.2546 -20.0432 94.7069
16.6467 -24.8701 92.8500
-90.5007 -34.7090 175.3835
-59.7278 15.5431 143.4955
18.4818 -21.5442 93.9554
18.1420 -20.5709 91.3453
19.1095 -21.7719 99.6497
15.1944 -24.5086 90.9188
18.3908 -21.5464 94.0540
-59.1493 15.3264 142.0607
6.9214 29.3180 47.1571
-1.6063 29.6534 49.4124
18.5046 -20.5340 94.7071
-0.7077 -22.3240 135.2958
6.5765 -24.9730 121.4194
-47.0569 13.3134 127.2943
-1.8089 29.4866 49.8249
-1.4680 29.9327 49.8248
2.8125 -22.7979 136.3782
7.0192 -25.6682 125.8876
-43.5507 12.5168 118.5897
8.5781 -15.6643 135.2961
18.3032 -20.4927 93.9553
-1.7790 29.9214 50.5914
8.2597 -24.8104 101.4952
-48.3090 13.6675 130.4936
-12.7604 -9.4565 170.4732
16.7529 -25.3536 94.0538
17.3480 -23.4784 90.4163
15.7733 17.5693 61.4316
-50.6173 39.7931 157.8452
20.0309 -20.9039 98.6532
16.9164 -22.7251 87.6918
0.8171 30.2989 50.5914
-60.6950 15.8310 146.1528
-9.7325 30.6820 93.9554
-9.5663 29.9320 91.3456
17.9337 -20.9799 91.3456
-63.0272 16.7632 152.2425
-42.7679 -35.6646 116.8956
-22.7083 29.4430 54.5513
-39.7917 -30.3631 136.3782
-49.5968 -0.1979 131.9790
-6.8617 33.0972 69.6399
8.7917 -15.7847 136.3782
-90.1068 -34.7381 174.8439
-75.3775 -18.5679 145.7032
19.1961 -19.9670 93.9556
12.5186 -25.7868 99.6497
17.5185 -26.6790 99.6495
6.1338 -25.5195 121.7939
19.3708 -22.0842 101.4950
9.3708 -22.9020 101.4950
15.9559 -25.8348 96.2670
6.4423 -26.6119 125.8876
6.8561 -25.2794 123.9804
5.7408 -15.3849 151.5315
2.8917 -24.7962 145.7033
3.0560 26.0552 78.4429
-23.4170 27.9822 87.6918
-0.8755 -21.0837 131.5378
-0.6778 28.9005 45.4594
-0.7524 -22.8051 143.8584
0.6245 -19.8569 131.5374
-0.4020 28.4852 46.9777
-52.4745 15.4549 137.0183
-24.5663 29.1141 91.3456
19.9263 -23.1746 101.4950
0.2624 -19.9816 130.4936
-54.5652 15.7883 142.3077
-12.1250 -9.0783 163.6539
17.8611 -19.6014 90.9187
18.1111 -20.0921 90.9188
-49.3651 -10.3596 129.8840
18.5879 -21.7812 94.7069
11.2434 -23.3739 108.2365
5.8881 -11.7592 160.0688
18.6296 -21.7607 94.7069
0.6662 -19.6933 131.5378
7.9461 -23.1215 93.9554
3.1505 -23.1890 137.0183
18.6088 -19.2019 92.6319
2.6452 31.2552 67.9062
18.5879 -20.8611 94.7069
8.8195 -16.4169 142.0608
19.0046 -19.6752 94.7069
12.5049 -25.6179 99.6916
5.8168 -15.4096 151.7747
-0.9911 -24.7015 148.9101
-0.4765 29.2487 47.9924
13.5897 -20.5409 104.9063
-87.6042 -33.8390 170.4728
18.1944 -18.9471 90.9188
-12.9914 -9.6361 174.8436
-1.0488 29.1398 46.3872
-24.0432 28.8144 90.1972
-21.5106 21.2715 54.8074
16.7461 -19.9506 108.1128
-44.9773 12.6472 121.7940
10.4819 -21.8116 101.4952
12.7041 -26.4461 101.4950
13.7202 -20.7586 106.2136
8.3745 -15.1951 131.5374
10.0292 -18.4399 156.5922
-49.3110 -22.5073 128.8613
12.5460 -25.8002 100.4010
2.7750 32.1290 69.2275
-24.5833 29.4374 92.1474
8.3745 -15.3996 131.5378
10.6149 -23.6518 121.4194
3.0535 27.6524 83.2515
-1.7454 28.5381 48.0766
14.4286 -25.0966 93.5165
-7.7073 27.4598 42.3974
2.7211 -23.6178 139.1613
7.9598 -23.2385 94.0540
11.7222 -34.4592 181.8376
-82.4074 -39.4731 189.4142
18.8797 -20.9021 94.7073
19.4059 -22.5908 98.6532
12.3746 -25.3511 98.6532
9.3368 -22.6641 99.6497
13.2812 -20.0120 102.2837
9.2917 -18.7290 136.3782
14.8632 -26.2448 101.7749
7.5556 -25.4014 113.6486
8.7912 -21.7380 131.5378
-2.1914 27.9769 46.4250
18.9831 -23.3954 94.4953
-0.7658 -23.2980 147.4358
7.8704 -24.4416 92.3973
0.6728 -18.8729 126.2762
7.6985 -23.7435 89.6849
-1.7583 30.1303 50.9178
15.2253 -24.8647 91.3455
10.7562 -25.3613 126.2762
4.8148 -20.2665 145.7029
6.2566 -27.5817 135.2958
-23.5246 28.7052 91.3456
5.5180 -10.8311 147.4362
9.6075 -14.4985 135.2514
7.6271 -9.8767 138.6899
3.9539 20.3769 58.0333
-54.4618 15.7864 142.0606
19.9396 -21.0214 98.8248
6.4506 -26.5881 126.2762
-48.1605 -36.3751 126.2761
-0.9199 -24.2943 152.7531
-54.9551 15.9893 143.4956
-4.6234 28.0692 45.7522
11.2704 -23.7037 109.6148
0.6576 30.3962 50.7475
12.8205 -26.8164 104.9065
2.7083 -23.2068 136.3782
2.5362 -5.0672 23.7180
8.0285 -21.0450 133.0521
21.1393 -20.2364 100.1313
-43.0903 -34.8272 113.6486
-47.1222 -39.1877 127.9827
6.5062 -26.5608 126.2762
-0.9120 -22.5756 137.0183
16.1696 -21.8196 84.3190
4.9632 29.4420 50.7475
-15.3462 28.9145 50.3550
-8.2790 35.0235 80.8888
17.8444 -19.6341 90.9187
2.7497 33.4226 71.7477
3.0372 26.9094 80.7969
9.1667 -22.5321 136.3782
16.8391 -25.1845 94.0540
9.5513 -24.1269 104.9063
2.6886 32.7708 70.1534
6.6358 -29.5135 143.4954
6.3338 -27.3424 130.4936
2.6563 31.9477 68.1891
7.6389 -25.5240 113.6483
-4.7222 28.4387 46.3872
13.1770 -19.8371 101.8358
2.7641 32.3891 69.7230
-24.4954 29.6418 94.7071
7.3214 -18.8400 116.8956
-0.8333 -22.6792 136.3779
5.5741 -9.9870 151.5315
17.1657 -25.7475 96.3121
14.4003 -17.0625 90.0941
17.0204 -20.0233 109.6146
5.6019 -10.0415 151.5315
5.4074 -9.1691 151.5315
15.8796 -25.5638 94.7071
5.9175 -8.3376 172.1948
12.7458 -19.3182 99.6495
-0.8248 29.0740 45.6727
-4.3478 36.1637 142.3077
6.1508 -9.2983 162.3553
6.0351 -10.5985 169.1200
9.8895 -17.9958 152.2426
-76.4785 -36.6718 175.9720
23.8852 -23.5013 90.3167
8.7424 -16.8860 124.8885
0.3380 -20.7354 137.0183
5.2273 -6.9146 148.7763
-2.2164 28.5200 47.3536
3.9387 20.5059 58.2813
14.1379 -28.5123 112.8647
15.2041 -26.7187 101.4950
-0.4535 30.1236 50.7475
9.1912 -22.0822 96.2670
19.3939 -21.7105 99.1842
5.6373 -9.6219 160.4448
9.3961 -22.6215 98.8248
15.3738 -18.2000 98.6817
11.0062 -24.5979 126.2762
4.4492 -19.4415 138.6899
4.7807 -19.8439 143.5561
8.8841 -33.7303 121.4189
-7.5926 -55.8418 151.5315
9.4059 -22.2840 98.6530
2.2826 -27.2027 142.3077
2.6020 30.9952 66.7975
7.5000 -30.2608 136.3782
-47.7494 -21.9017 124.4328
-0.7000 -21.6897 130.9231
-1.3605 -24.5387 152.2426
10.1449 -23.7358 118.5899
5.4681 -22.6742 164.4221
5.8674 -25.1936 182.6913
5.8072 -20.0658 121.4191
7.3785 -28.2391 127.2942
-23.0442 22.4082 60.8971
16.8708 -27.8092 101.4950
10.1520 -20.6334 96.2468
9.9306 -21.9664 113.6486
8.9542 -22.1910 95.5029
-55.2928 19.7834 147.4360
24.8529 -20.4225 96.2670
8.5890 -20.3940 141.3542
5.4082 -16.4980 126.4784
9.7130 -18.5885 137.0183
-60.9439 -8.1815 152.2426
9.6128 -18.2986 137.7557
3.8585 20.1695 57.1903
9.8656 -19.1284 140.9337
-15.0227 30.5411 57.9840
8.7566 -18.8189 135.2958
